Q9 idle-host A/B/A/B: every timed rep, in milliseconds.

== pool64 ==
rhs         b1 base n=  7 median=    170.1 min=    124.4 compile=  1.04s
    173.5 130.8 170.1 172.9 205.1 129.3 124.4
rhs         b1 p2t  n=  7 median=    151.1 min=    143.4 compile=  1.25s
    146.9 144.5 151.1 143.4 183.6 155.5 157.2
rhs         b2 base n=  7 median=    131.1 min=    126.7 compile=  0.96s
    131.1 131.8 174.8 126.7 127.5 127.1 131.4
rhs         b2 p2t  n=  7 median=    182.9 min=    142.4 compile=  1.25s
    186.1 185.6 146.6 182.9 186.0 142.4 175.9
rhs         b3 base n=  7 median=    138.3 min=    134.3 compile=  0.98s
    134.3 140.8 178.4 138.4 134.5 138.3 136.0
rhs         b3 p2t  n=  7 median=    145.0 min=    140.3 compile=  1.18s
    145.0 184.3 140.6 140.3 144.7 183.5 145.0
rhs         b4 base n=  7 median=    141.0 min=    132.7 compile=  0.98s
    141.0 190.3 139.7 133.6 180.5 141.4 132.7
rhs         b4 p2t  n=  7 median=    182.8 min=    142.0 compile=  1.28s
    144.5 183.3 183.0 183.0 142.0 182.8 145.5

rhs_vjp     b1 base n=  7 median=    284.8 min=    252.7 compile=  2.46s
    284.8 260.2 278.9 292.1 252.7 300.6 286.2
rhs_vjp     b1 p2t  n=  7 median=    257.0 min=    231.9 compile=  3.27s
    256.4 384.3 236.8 258.3 231.9 257.0 312.5
rhs_vjp     b2 base n=  7 median=    284.2 min=    266.7 compile=  2.42s
    290.3 290.4 285.4 267.4 266.7 284.2 266.9
rhs_vjp     b2 p2t  n=  7 median=    250.3 min=    233.1 compile=  3.24s
    260.2 252.7 233.1 250.3 241.3 253.3 246.1
rhs_vjp     b3 base n=  7 median=    290.1 min=    249.5 compile=  2.49s
    285.5 249.5 295.3 270.4 290.1 300.1 294.3
rhs_vjp     b3 p2t  n=  7 median=    246.3 min=    235.4 compile=  3.06s
    266.0 242.8 253.9 253.4 246.3 239.8 235.4
rhs_vjp     b4 base n=  7 median=    279.1 min=    248.3 compile=  2.50s
    253.5 294.0 279.1 251.4 248.3 294.2 287.4
rhs_vjp     b4 p2t  n=  7 median=    245.5 min=    243.2 compile=  3.13s
    256.0 243.2 245.5 244.8 248.3 256.8 245.3

scan_rk3    b1 base n=  7 median=   2624.2 min=   2448.6 compile=  4.12s
    2648.6 2448.6 2606.0 2611.2 2625.2 2624.2 2667.9
scan_rk3    b1 p2t  n=  7 median=   2793.5 min=   2763.8 compile=  4.72s
    2844.1 2828.4 2792.3 2793.5 2799.5 2763.8 2786.9
scan_rk3    b2 base n=  7 median=   2467.2 min=   2449.7 compile=  3.90s
    2468.5 2455.1 2451.7 2467.2 2468.0 2508.8 2449.7
scan_rk3    b2 p2t  n=  7 median=   2573.2 min=   2517.5 compile=  4.00s
    2533.8 2573.2 2517.5 2526.0 2607.8 2597.6 2669.0
scan_rk3    b3 base n=  7 median=   2564.8 min=   2492.7 compile=  4.05s
    2573.1 2563.7 2564.8 2532.2 2492.7 2582.4 2667.3
scan_rk3    b3 p2t  n=  7 median=   2525.2 min=   2509.2 compile=  3.91s
    2525.2 2528.9 2537.4 2537.1 2509.2 2517.7 2519.6
scan_rk3    b4 base n=  7 median=   2496.5 min=   2462.9 compile=  3.93s
    2462.9 2483.5 2464.0 2496.5 2603.2 2697.6 2653.1
scan_rk3    b4 p2t  n=  7 median=   2577.8 min=   2560.2 compile=  4.17s
    2560.2 2577.8 2562.4 2601.0 2569.4 2654.9 2641.4

window_vjp  b1 base n=  7 median=  24965.5 min=  22366.8 compile= 32.70s
    22366.8 22963.1 23969.6 24965.5 26209.8 25806.1 25072.8
window_vjp  b1 p2t  n=  7 median=  23484.4 min=  23147.5 compile= 32.39s
    23484.4 23577.2 23147.5 23959.8 23205.2 23176.3 23864.3
window_vjp  b2 base n=  7 median=  25673.4 min=  23456.0 compile= 30.27s
    23456.0 24044.7 24633.2 25673.4 26049.6 26355.8 26448.8
window_vjp  b2 p2t  n=  7 median=  25157.2 min=  24006.7 compile= 32.07s
    24006.7 24628.2 24884.3 25157.2 26066.4 25444.3 25249.4
window_vjp  b3 base n=  7 median=  24949.0 min=  24015.4 compile= 33.15s
    25066.2 24015.4 26287.5 26397.1 24062.6 24949.0 24324.0
window_vjp  b3 p2t  n=  7 median=  23360.7 min=  22953.8 compile= 30.43s
    22953.8 23559.4 23360.7 23549.4 23412.6 23045.1 23173.9
window_vjp  b4 base n=  7 median=  25252.5 min=  25065.0 compile= 32.05s
    25252.5 25742.7 25991.7 25065.0 25180.4 25152.0 25344.5
window_vjp  b4 p2t  n=  7 median=  23848.1 min=  23625.5 compile= 31.79s
    23625.5 24317.8 23737.5 24427.4 23974.2 23728.5 23848.1

== nopool64 ==
rhs         b1 base n=  7 median=    183.2 min=    169.9 compile=  1.00s
    189.5 183.9 174.2 183.1 183.2 169.9 190.1
rhs         b1 p2t  n=  7 median=    185.6 min=    182.6 compile=  1.32s
    184.7 218.5 182.6 185.5 213.0 185.6 201.6
rhs         b2 base n=  7 median=    177.8 min=    164.9 compile=  0.99s
    177.8 189.7 168.4 164.9 193.1 171.3 180.7
rhs         b2 p2t  n=  7 median=    189.5 min=    180.4 compile=  1.34s
    185.5 193.5 185.9 189.5 200.3 180.4 208.1
rhs         b3 base n=  7 median=    187.5 min=    165.2 compile=  1.03s
    187.5 190.4 176.6 197.7 181.8 165.2 191.7
rhs         b3 p2t  n=  7 median=    191.3 min=    186.9 compile=  1.33s
    187.6 205.8 194.1 186.9 212.1 187.6 191.3
rhs         b4 base n=  7 median=    178.5 min=    167.4 compile=  1.02s
    178.5 167.4 202.2 168.0 185.5 197.1 171.1
rhs         b4 p2t  n=  7 median=    199.2 min=    175.0 compile=  1.36s
    197.7 205.8 182.5 199.2 200.1 175.0 213.8

rhs_vjp     b1 base n=  7 median=    288.8 min=    281.8 compile=  2.32s
    322.3 281.8 321.1 288.4 313.8 284.1 288.8
rhs_vjp     b1 p2t  n=  7 median=    252.6 min=    242.2 compile=  3.24s
    248.4 296.8 242.2 283.2 252.6 300.8 245.3
rhs_vjp     b2 base n=  7 median=    312.2 min=    270.9 compile=  2.44s
    316.7 273.8 314.4 285.1 318.5 270.9 312.2
rhs_vjp     b2 p2t  n=  7 median=    261.0 min=    242.8 compile=  3.30s
    296.0 253.1 274.3 251.3 261.0 264.2 242.8
rhs_vjp     b3 base n=  7 median=    290.9 min=    281.4 compile=  2.40s
    315.0 287.6 311.7 281.4 290.5 299.5 290.9
rhs_vjp     b3 p2t  n=  7 median=    258.8 min=    232.3 compile=  3.24s
    249.7 293.3 249.3 285.9 232.3 258.8 265.4
rhs_vjp     b4 base n=  7 median=    285.6 min=    271.8 compile=  2.38s
    272.4 308.1 285.6 307.2 271.8 323.0 277.3
rhs_vjp     b4 p2t  n=  7 median=    251.3 min=    247.8 compile=  3.20s
    247.8 272.7 249.6 278.7 251.3 292.5 251.1

scan_rk3    b1 base n=  7 median=   1105.5 min=   1085.5 compile=  2.39s
    1105.5 1107.6 1085.5 1107.3 1103.8 1100.3 1128.1
scan_rk3    b1 p2t  n=  7 median=   1128.3 min=   1112.1 compile=  2.84s
    1123.9 1112.1 1122.7 1138.9 1138.8 1128.3 1140.1
scan_rk3    b2 base n=  7 median=   1093.2 min=   1087.8 compile=  2.51s
    1087.8 1098.2 1089.1 1097.1 1093.2 1106.9 1089.7
scan_rk3    b2 p2t  n=  7 median=   1125.0 min=   1114.9 compile=  2.91s
    1125.0 1144.3 1114.9 1125.0 1133.6 1118.8 1126.3
scan_rk3    b3 base n=  7 median=   1099.8 min=   1092.7 compile=  2.48s
    1113.1 1099.8 1092.7 1111.8 1094.1 1096.5 1112.4
scan_rk3    b3 p2t  n=  7 median=   1130.2 min=   1108.9 compile=  2.79s
    1130.2 1130.9 1108.9 1130.0 1124.8 1138.0 1131.8
scan_rk3    b4 base n=  7 median=   1098.6 min=   1094.4 compile=  2.49s
    1110.4 1107.5 1098.6 1103.1 1094.4 1096.7 1095.9
scan_rk3    b4 p2t  n=  7 median=   1129.3 min=   1113.4 compile=  2.90s
    1129.3 1113.4 1124.2 1134.5 1136.1 1127.1 1136.3

== pool32 ==
rhs         b1 base n=  7 median=     35.7 min=     30.4 compile=  0.81s
    30.4 35.7 30.5 35.1 36.5 36.6 36.6
rhs         b1 p2t  n=  7 median=     43.9 min=     41.3 compile=  0.96s
    45.0 43.9 41.3 41.9 43.9 46.8 45.7
rhs         b2 base n=  7 median=     37.2 min=     33.2 compile=  0.78s
    39.0 36.2 33.2 36.5 37.2 40.0 41.2
rhs         b2 p2t  n=  7 median=     42.8 min=     40.7 compile=  0.98s
    40.7 49.0 43.1 44.4 42.8 41.1 42.4
rhs         b3 base n=  7 median=     42.8 min=     33.6 compile=  0.95s
    42.8 43.0 33.6 41.7 38.5 57.3 110.8
rhs         b3 p2t  n=  7 median=     43.2 min=     40.9 compile=  1.00s
    43.2 43.4 43.6 42.4 42.9 40.9 46.0
rhs         b4 base n=  7 median=     36.4 min=     33.2 compile=  0.83s
    48.2 37.4 36.0 36.4 33.2 36.8 36.0
rhs         b4 p2t  n=  7 median=     47.9 min=     44.0 compile=  0.98s
    47.9 48.6 47.1 44.0 46.2 61.4 87.0

rhs_vjp     b1 base n=  7 median=     68.2 min=     62.3 compile=  1.58s
    81.7 93.0 68.2 62.3 67.5 68.6 65.8
rhs_vjp     b1 p2t  n=  7 median=     62.3 min=     59.4 compile=  1.82s
    62.3 59.4 63.2 71.4 79.5 59.7 61.9
rhs_vjp     b2 base n=  7 median=     70.5 min=     60.2 compile=  1.61s
    66.3 70.5 69.9 71.1 60.2 72.5 83.9
rhs_vjp     b2 p2t  n=  7 median=     60.3 min=     58.1 compile=  1.82s
    61.0 58.1 60.3 61.3 58.9 59.2 67.5
rhs_vjp     b3 base n=  7 median=     79.9 min=     74.3 compile=  1.93s
    78.2 82.1 74.3 86.5 78.7 79.9 100.8
rhs_vjp     b3 p2t  n=  7 median=     60.5 min=     55.8 compile=  1.84s
    60.5 58.6 55.8 64.7 59.5 64.3 75.0
rhs_vjp     b4 base n=  7 median=     71.8 min=     62.8 compile=  1.62s
    70.2 68.7 73.2 89.3 71.8 72.2 62.8
rhs_vjp     b4 p2t  n=  7 median=     61.4 min=     57.9 compile=  2.03s
    57.9 59.0 58.1 61.4 66.2 63.2 72.4

scan_rk3    b1 base n=  7 median=    604.0 min=    601.0 compile=  1.78s
    608.9 602.7 601.0 603.5 604.0 612.4 606.1
scan_rk3    b1 p2t  n=  7 median=    633.5 min=    618.9 compile=  1.95s
    640.5 624.1 618.9 625.6 633.5 669.4 642.6
scan_rk3    b2 base n=  7 median=    611.7 min=    603.5 compile=  1.71s
    604.3 614.0 623.9 603.5 607.8 611.7 613.6
scan_rk3    b2 p2t  n=  7 median=    626.3 min=    620.5 compile=  1.94s
    625.7 636.4 630.2 635.4 626.3 623.5 620.5
scan_rk3    b3 base n=  7 median=    777.6 min=    729.5 compile=  2.28s
    777.6 766.9 795.0 761.3 819.0 729.5 839.8
scan_rk3    b3 p2t  n=  7 median=    634.8 min=    616.1 compile=  2.06s
    639.2 651.2 634.8 639.3 616.1 618.0 622.5
scan_rk3    b4 base n=  7 median=    623.8 min=    607.6 compile=  1.83s
    607.6 623.8 642.1 618.9 614.8 645.1 623.9
scan_rk3    b4 p2t  n=  7 median=    655.7 min=    617.1 compile=  2.41s
    625.4 655.7 905.7 782.6 705.9 624.9 617.1

window_vjp  b1 base n=  7 median=  13449.2 min=  13301.7 compile= 19.24s
    13449.2 13410.8 13555.2 13301.7 13504.3 13421.9 13606.5
window_vjp  b1 p2t  n=  7 median=  13695.5 min=  13487.3 compile= 20.81s
    13570.5 13709.5 13487.3 14055.1 13651.0 13812.8 13695.5
window_vjp  b2 base n=  7 median=  14186.6 min=  13256.4 compile= 19.38s
    13437.5 13256.4 14510.0 14186.6 14152.5 14982.6 14903.7
window_vjp  b2 p2t  n=  7 median=  13910.1 min=  13342.7 compile= 20.88s
    13342.7 14224.5 13477.0 14226.1 13910.1 13625.5 14251.0
window_vjp  b3 base n=  7 median=  17262.7 min=  16979.9 compile= 23.79s
    16979.9 17034.8 17362.3 17297.2 17262.7 17337.6 17253.4
window_vjp  b3 p2t  n=  7 median=  16648.3 min=  14052.9 compile= 21.94s
    14052.9 14454.8 14661.5 18464.9 16648.3 17557.2 16973.3
window_vjp  b4 base n=  7 median=  18243.0 min=  13930.1 compile= 20.30s
    13930.1 16453.0 17652.9 18243.0 18356.1 18299.0 18854.5
window_vjp  b4 p2t  n=  7 median=  18501.8 min=  17414.1 compile= 24.07s
    17414.1 19067.5 18211.1 19404.7 18911.6 18501.8 18414.5

== dense64 ==
rhs         b1 base n= 31 median=    174.0 min=    127.0 compile=  1.06s
    134.4 175.6 160.2 175.1 177.8 159.6 178.1 180.6 151.6 180.0 130.2 136.5 159.5 179.6 174.2 158.0 130.2 169.1 196.3 174.0 167.4 196.0 127.0 160.7 186.0 174.2 174.2 182.5 136.7 174.3 171.7
rhs         b1 p2t  n= 31 median=    175.8 min=    144.4 compile=  1.32s
    147.4 170.1 189.2 179.4 189.7 148.1 150.4 203.6 179.7 144.9 190.9 174.9 144.8 177.3 160.8 192.5 182.5 156.7 200.3 144.4 208.1 179.2 175.8 162.7 153.9 183.2 187.8 191.6 175.3 157.5 160.9
rhs         b2 base n= 31 median=    165.7 min=    132.1 compile=  1.05s
    176.5 205.7 134.2 183.6 146.4 182.8 165.7 135.0 156.2 174.7 180.6 156.4 165.3 171.2 197.3 165.6 168.0 152.9 183.0 134.1 173.0 181.1 132.1 172.5 159.6 164.7 167.8 153.3 165.4 164.8 184.7
rhs         b2 p2t  n= 31 median=    170.3 min=    139.9 compile=  1.34s
    149.2 206.0 182.5 145.5 169.6 141.6 185.7 211.2 174.1 143.1 170.3 187.5 151.5 202.8 182.5 176.3 170.5 142.3 146.7 144.3 169.0 176.0 180.0 170.2 146.8 176.0 208.2 139.9 180.6 167.4 145.6
rhs         b3 base n= 31 median=    164.9 min=    134.2 compile=  1.11s
    175.3 184.8 200.1 184.5 187.1 147.8 191.4 179.2 143.5 163.2 136.8 181.2 191.4 199.2 165.2 171.9 179.6 163.6 168.2 153.8 159.3 134.2 173.2 152.5 164.1 164.9 163.2 159.7 157.5 140.3 161.2
rhs         b3 p2t  n= 31 median=    151.5 min=    137.0 compile=  1.30s
    143.4 189.1 197.7 183.3 147.5 171.2 145.4 143.6 165.1 140.8 141.3 148.1 166.9 140.2 141.5 166.4 184.6 180.5 151.5 191.8 138.9 190.9 151.5 198.9 140.4 190.4 137.0 173.7 147.4 152.0 140.9
rhs         b4 base n= 31 median=    170.0 min=    125.9 compile=  0.99s
    186.0 138.8 173.8 174.2 187.5 128.4 175.8 182.2 128.5 174.2 195.1 175.0 171.6 144.7 177.7 167.2 171.6 178.1 128.5 164.0 186.5 167.3 170.0 180.4 143.8 135.9 131.6 156.0 125.9 162.2 139.4
rhs         b4 p2t  n= 31 median=    170.1 min=    135.9 compile=  1.32s
    150.1 191.4 181.7 187.8 154.5 178.3 183.5 196.0 170.1 135.9 199.0 136.5 181.0 147.1 152.1 137.4 175.7 150.0 178.2 136.7 142.3 191.4 136.2 137.1 150.0 186.3 170.8 181.3 151.6 167.4 175.5
rhs         b5 base n= 31 median=    171.2 min=    125.1 compile=  1.02s
    140.8 183.7 202.1 175.5 180.2 183.7 171.2 177.7 159.7 132.4 129.0 128.9 176.8 162.2 166.9 142.7 164.1 173.0 182.6 176.8 133.5 174.2 176.4 173.1 125.1 180.5 133.8 170.3 170.0 150.1 174.6
rhs         b5 p2t  n= 31 median=    157.6 min=    133.0 compile=  1.30s
    148.6 157.6 183.8 178.3 159.0 140.4 133.0 149.7 157.5 143.1 193.7 175.6 174.4 141.8 155.5 192.3 180.0 191.7 184.8 189.4 156.6 159.1 142.5 144.7 152.6 189.6 138.9 182.0 155.6 176.1 139.4
rhs         b6 base n= 31 median=    166.0 min=    126.6 compile=  0.96s
    174.2 175.3 162.2 130.8 180.1 156.5 176.3 126.6 134.7 158.5 174.2 134.5 131.0 156.7 127.7 171.5 192.8 169.7 165.9 142.6 187.4 174.3 179.4 180.7 166.0 184.7 152.4 175.7 133.9 197.3 164.5
rhs         b6 p2t  n= 31 median=    175.8 min=    140.2 compile=  1.27s
    202.2 146.0 190.6 161.0 182.5 147.9 170.6 179.6 141.4 206.1 181.6 146.8 168.7 183.0 175.8 172.5 173.6 182.2 204.2 179.9 179.1 160.2 140.2 142.3 193.6 181.9 174.5 183.3 149.3 182.5 143.2

rhs_vjp     b1 base n= 31 median=    286.0 min=    241.2 compile=  2.35s
    289.3 267.2 319.0 244.4 306.4 241.2 305.2 244.8 281.2 268.3 302.9 279.4 286.0 242.2 317.0 256.8 314.1 249.2 320.7 275.9 312.4 291.8 312.4 285.2 279.5 289.2 319.4 282.2 296.4 321.0 283.9
rhs_vjp     b1 p2t  n= 31 median=    257.5 min=    236.4 compile=  3.16s
    249.5 277.9 244.3 292.1 245.1 296.2 236.4 289.8 238.8 282.2 245.8 242.1 271.3 257.5 296.1 236.4 293.2 244.7 294.8 247.3 287.0 247.2 273.3 257.1 259.6 261.2 254.3 278.4 240.5 294.3 248.8
rhs_vjp     b2 base n= 31 median=    289.0 min=    241.1 compile=  2.31s
    305.8 247.3 306.9 244.4 286.9 282.1 292.1 279.0 313.5 272.9 301.3 248.0 301.0 267.1 334.6 277.8 308.6 268.2 320.0 265.8 300.4 241.1 316.8 260.2 303.8 289.0 298.4 288.3 298.4 250.4 332.3
rhs_vjp     b2 p2t  n= 31 median=    266.5 min=    229.3 compile=  3.32s
    298.3 239.5 289.8 266.5 296.8 248.0 311.7 252.0 289.3 241.7 277.8 229.3 240.2 274.0 251.3 296.1 254.5 297.2 262.7 305.6 251.7 323.2 249.2 302.0 238.2 312.1 259.9 290.8 260.5 286.4 252.1
rhs_vjp     b3 base n= 31 median=    285.9 min=    247.5 compile=  2.32s
    303.4 247.5 309.6 306.7 283.7 287.8 294.8 280.0 279.7 279.7 293.9 285.9 285.9 285.0 285.2 307.1 266.9 306.1 262.9 260.8 298.1 316.7 256.1 310.9 273.6 293.6 285.1 331.0 305.5 310.1 272.9
rhs_vjp     b3 p2t  n= 31 median=    251.6 min=    229.5 compile=  3.17s
    274.3 238.9 256.5 258.1 234.5 283.0 236.3 280.5 238.6 251.6 246.3 239.9 278.1 242.5 286.3 242.9 278.3 237.7 261.1 238.3 229.5 275.2 236.8 289.8 240.1 294.0 233.2 270.6 242.3 268.4 261.4
rhs_vjp     b4 base n= 31 median=    285.7 min=    243.4 compile=  2.33s
    269.6 289.8 285.7 295.9 292.6 261.8 283.5 291.5 293.7 298.5 323.3 268.9 320.8 277.8 308.2 262.4 272.7 243.4 268.3 272.1 310.8 271.5 305.4 266.1 298.2 274.0 308.6 276.1 307.3 257.9 300.9
rhs_vjp     b4 p2t  n= 31 median=    242.5 min=    226.4 compile=  3.21s
    242.2 278.5 242.5 247.6 241.8 229.9 278.8 237.2 277.8 234.6 252.3 234.0 239.7 280.4 240.0 289.2 228.6 274.4 226.4 248.2 272.1 235.4 281.5 228.2 283.5 227.8 253.6 286.7 229.6 272.4 237.3
rhs_vjp     b5 base n= 31 median=    280.9 min=    238.0 compile=  2.45s
    273.0 316.3 238.0 288.4 267.8 303.3 286.4 317.2 267.1 309.1 271.7 315.2 280.9 286.4 265.9 278.2 267.4 313.6 242.2 307.2 261.6 303.9 263.3 296.5 267.0 287.1 262.5 302.3 278.8 303.9 276.9
rhs_vjp     b5 p2t  n= 31 median=    252.8 min=    230.6 compile=  3.26s
    256.8 241.9 275.8 240.2 270.7 258.9 262.6 249.8 238.2 273.0 244.8 265.4 230.6 239.6 268.6 244.2 280.1 237.3 245.4 252.8 247.3 268.5 232.0 275.5 239.8 268.6 252.8 244.0 269.6 231.0 264.8
rhs_vjp     b6 base n= 31 median=    290.3 min=    246.4 compile=  2.47s
    266.6 312.5 278.4 304.9 281.3 279.3 278.5 325.9 282.7 295.5 302.4 306.0 282.6 307.2 299.4 287.9 254.2 302.5 272.1 276.7 260.5 311.4 284.0 301.9 312.4 290.3 325.2 272.9 321.2 246.4 320.5
rhs_vjp     b6 p2t  n= 31 median=    245.4 min=    232.4 compile=  3.15s
    273.7 233.8 281.1 241.3 277.4 237.5 238.8 275.9 235.9 270.5 233.5 249.9 245.4 243.7 276.8 239.2 264.7 248.0 234.3 268.6 238.9 278.4 237.9 257.4 244.0 244.8 277.1 232.4 285.1 234.5 280.1

== dense32 ==
rhs         b1 base n= 61 median=     35.8 min=     32.1 compile=  0.83s
    42.3 37.0 37.4 37.1 33.7 34.5 37.1 33.4 32.9 35.8 37.4 35.0 40.3 46.6 45.6 37.5 33.1 36.3 39.7 40.5 33.9 33.6 36.4 37.2 32.6 34.3 35.8 36.5 40.3 41.1 42.9 35.4 34.0 33.2 35.8 34.5 32.9 33.3 33.4 33.5 35.4 34.3 33.4 34.7 35.8 37.0 37.6 38.9 37.9 43.6 39.0 39.6 32.6 34.0 35.0 35.9 32.1 33.4 37.4 33.8 34.1
rhs         b1 p2t  n= 61 median=     43.3 min=     40.1 compile=  1.00s
    45.1 41.0 44.2 45.1 43.6 45.8 48.1 51.1 55.2 45.3 42.0 42.4 43.3 43.8 42.8 43.0 45.1 45.0 47.1 50.0 55.8 41.5 42.0 42.2 42.7 44.6 42.5 42.7 41.7 47.6 44.7 50.9 48.4 40.1 40.9 40.9 42.3 40.7 41.9 44.6 41.6 44.8 45.6 51.6 50.9 42.1 40.9 41.5 41.8 41.8 41.6 42.0 41.9 45.2 44.7 50.9 48.5 41.5 43.4 42.9 41.6
rhs         b2 base n= 61 median=     34.5 min=     30.2 compile=  0.78s
    35.6 35.2 37.1 33.2 41.5 43.8 41.2 35.5 36.3 30.2 35.8 32.1 33.1 36.0 33.6 36.7 34.0 38.1 40.0 40.1 40.7 36.3 32.2 33.4 32.4 33.2 34.5 33.0 32.8 34.0 33.7 34.5 36.1 36.7 41.1 41.5 34.0 33.3 31.7 32.9 32.3 34.7 31.7 33.6 33.0 33.0 31.3 35.4 36.5 40.0 40.6 39.2 33.3 32.7 33.1 35.5 36.0 33.3 35.2 33.7 33.4
rhs         b2 p2t  n= 61 median=     43.5 min=     40.2 compile=  1.00s
    48.4 46.1 59.1 44.6 45.2 45.0 40.2 43.5 46.2 44.8 41.4 46.2 45.4 47.7 50.5 44.3 44.3 40.4 40.5 41.0 42.2 45.2 42.6 44.0 45.3 52.0 49.2 43.5 41.0 40.6 41.1 41.9 42.3 42.8 45.6 47.2 47.7 42.7 52.8 42.4 41.8 40.7 40.3 43.6 40.6 41.4 41.9 43.8 47.3 47.1 47.4 44.2 41.0 42.3 41.6 41.7 42.0 42.4 41.9 43.6 42.8
rhs         b3 base n= 61 median=     35.7 min=     32.2 compile=  0.80s
    35.0 35.7 32.2 38.6 32.6 33.2 34.9 37.9 37.0 40.6 42.1 41.6 39.1 39.8 32.9 36.2 33.2 33.8 35.9 35.0 32.5 33.5 33.3 35.3 36.2 38.4 41.0 42.2 37.8 33.6 37.0 33.1 33.8 32.8 33.4 33.8 33.1 40.3 38.2 38.2 39.6 41.4 42.8 37.0 35.6 34.0 33.6 32.9 34.5 33.8 35.1 34.2 34.2 36.3 35.9 42.7 38.6 38.1 39.4 37.1 34.2
rhs         b3 p2t  n= 61 median=     42.8 min=     36.2 compile=  0.98s
    43.6 40.2 42.8 44.6 43.4 41.5 44.5 46.9 45.5 50.0 48.3 44.5 41.2 40.3 41.1 43.0 41.5 40.0 41.9 36.2 49.7 51.6 51.0 43.6 39.8 43.4 39.5 44.1 42.8 40.7 42.1 43.6 44.7 48.6 50.3 41.4 40.8 39.6 41.2 40.2 41.1 39.1 41.5 42.8 45.9 46.5 44.4 49.2 48.2 43.8 40.6 41.6 40.8 40.8 41.1 40.8 41.3 39.7 44.4 48.6 49.4
rhs         b4 base n= 61 median=     34.8 min=     32.5 compile=  0.81s
    39.1 41.8 42.9 34.7 32.5 34.6 36.6 33.3 35.0 32.8 35.2 35.2 33.8 34.8 38.1 37.0 41.5 40.3 36.8 33.6 33.6 33.5 32.5 35.7 35.5 33.8 33.0 33.5 35.9 36.4 38.1 40.8 40.8 33.9 33.8 34.1 33.0 32.6 36.3 33.0 33.0 33.6 35.5 37.4 36.9 38.8 40.7 40.7 33.7 35.2 33.9 33.1 33.2 33.8 33.8 34.7 33.9 32.8 36.9 36.9 39.6
rhs         b4 p2t  n= 61 median=     42.9 min=     39.1 compile=  0.99s
    43.8 42.6 42.9 40.5 43.9 40.3 44.1 44.7 47.6 50.0 48.7 44.8 48.7 55.6 41.9 41.8 42.4 40.8 45.6 44.8 44.4 48.3 49.3 40.6 43.6 41.9 40.2 41.0 39.8 41.1 42.3 46.2 47.7 49.6 48.0 41.8 43.9 43.8 41.9 41.5 40.7 41.9 41.2 45.0 46.2 47.5 47.0 39.9 41.9 39.3 40.9 39.1 40.0 41.2 40.1 43.2 45.2 39.9 50.8 43.9 40.9
rhs         b5 base n= 61 median=     34.1 min=     32.1 compile=  0.82s
    41.6 43.5 42.4 39.4 36.7 33.5 33.2 36.4 33.8 32.7 33.2 36.2 36.0 35.1 36.1 41.9 38.7 39.5 33.4 33.1 34.4 34.1 33.9 36.4 32.7 32.6 36.5 33.4 35.4 33.8 34.8 36.8 38.4 40.1 39.0 33.6 33.5 33.8 33.6 35.1 33.4 35.5 33.7 34.4 33.5 32.8 32.1 36.5 35.6 41.1 40.1 33.4 33.3 33.4 33.0 33.2 33.9 33.2 34.4 33.5 33.6
rhs         b5 p2t  n= 61 median=     43.2 min=     34.2 compile=  1.03s
    42.9 43.9 43.2 48.0 42.8 52.1 41.9 43.8 42.3 44.8 44.7 42.3 46.3 34.2 44.2 48.5 53.5 47.9 46.3 44.3 42.0 43.7 41.4 41.5 42.2 47.5 47.1 44.9 51.1 59.0 43.7 40.7 41.2 44.2 40.8 42.3 44.1 41.7 42.4 45.5 49.6 50.8 45.5 41.6 41.5 40.2 40.7 40.9 40.7 41.4 41.0 46.3 44.5 49.7 45.6 41.5 41.5 42.2 39.7 41.7 39.7
rhs         b6 base n= 61 median=     36.2 min=     30.2 compile=  0.83s
    37.5 36.2 37.5 37.7 34.2 37.7 34.8 31.6 38.9 38.5 40.1 39.7 35.6 34.4 37.1 34.2 36.9 34.3 37.3 33.4 37.4 35.0 34.8 37.8 37.8 39.5 41.7 43.4 40.8 30.2 34.1 35.2 33.6 34.2 36.2 34.5 33.4 36.1 34.4 37.8 37.9 42.3 41.0 37.5 34.4 34.3 31.4 34.2 35.3 36.6 33.8 34.0 41.9 33.8 35.8 45.8 40.4 42.4 37.4 32.9 34.9
rhs         b6 p2t  n= 61 median=     42.8 min=     37.4 compile=  1.05s
    47.9 47.3 42.0 43.2 41.8 42.8 44.5 42.0 45.1 37.4 47.6 50.8 51.2 42.5 44.6 41.5 41.6 41.1 42.2 41.1 42.6 46.1 45.4 48.0 51.2 47.2 44.0 45.8 43.6 43.6 45.9 42.5 42.0 41.7 44.2 46.4 49.0 49.3 40.6 42.0 42.3 42.6 42.4 41.6 42.2 42.5 42.8 45.4 48.0 50.4 48.2 41.7 41.4 42.4 43.8 41.4 40.6 41.6 40.9 43.1 45.5

rhs_vjp     b1 base n= 61 median=     70.1 min=     64.8 compile=  1.67s
    67.5 76.6 79.0 87.8 76.8 67.5 67.7 66.5 70.1 70.5 85.4 83.1 67.0 68.5 70.1 74.0 77.3 74.0 86.5 77.0 67.2 67.3 66.8 75.1 69.0 71.2 81.9 82.1 69.7 67.3 64.8 68.2 78.2 67.5 69.7 71.4 84.8 67.5 68.5 72.3 68.8 68.0 70.6 75.3 84.7 77.5 67.0 69.5 66.9 66.0 72.1 75.6 87.2 67.7 68.2 68.9 67.2 66.9 70.3 84.3 78.8
rhs_vjp     b1 p2t  n= 61 median=     60.6 min=     54.8 compile=  1.90s
    61.4 57.5 60.1 61.5 62.9 62.2 76.9 74.4 59.4 58.6 55.8 60.6 57.8 61.5 65.2 71.4 88.4 59.3 59.3 59.0 57.3 62.1 61.7 64.9 74.2 88.3 59.0 59.6 58.0 59.5 62.2 62.9 59.3 73.6 83.0 54.8 58.1 60.8 55.7 60.3 58.9 63.0 68.0 78.4 66.0 58.0 57.7 59.5 62.7 58.8 63.6 68.8 87.6 57.9 59.4 59.6 60.5 60.1 60.2 63.9 73.1
rhs_vjp     b2 base n= 61 median=     69.9 min=     61.9 compile=  1.61s
    79.6 75.3 66.7 71.0 66.2 67.7 70.9 77.4 86.4 73.1 70.5 69.6 71.9 68.6 69.9 76.8 92.2 74.2 70.3 65.7 66.4 67.3 77.3 84.1 80.2 68.3 64.3 70.2 68.0 71.2 72.4 88.6 68.7 67.1 65.9 65.9 67.3 68.4 80.6 84.0 69.8 70.8 67.3 61.9 66.9 76.3 88.1 75.7 64.6 67.0 67.3 63.7 66.0 71.9 88.3 75.5 66.4 67.2 67.0 67.1 71.6
rhs_vjp     b2 p2t  n= 61 median=     59.6 min=     55.3 compile=  1.82s
    58.6 58.8 65.8 76.5 77.2 57.8 57.0 58.9 59.4 61.2 55.8 67.5 71.5 76.2 59.4 58.8 58.7 57.9 55.3 58.7 63.1 65.3 79.2 61.2 61.3 57.2 61.2 59.2 58.5 61.4 65.3 74.3 67.9 55.5 56.5 58.0 60.8 59.3 59.5 67.0 81.1 69.7 59.6 57.1 59.4 60.6 58.7 58.4 63.5 76.9 69.5 56.1 56.8 57.7 58.9 61.9 60.4 67.5 78.1 71.7 59.2
rhs_vjp     b3 base n= 61 median=     69.4 min=     63.9 compile=  1.64s
    65.9 66.6 68.9 75.2 89.2 69.0 66.0 67.8 70.9 67.3 69.7 76.5 84.9 66.7 66.2 67.6 70.2 67.7 74.4 82.3 79.1 66.9 68.1 64.5 68.0 73.0 72.6 86.0 75.0 67.5 70.8 68.1 70.7 69.6 69.9 87.3 71.8 66.1 69.2 69.4 67.0 70.0 82.9 79.8 64.1 70.3 66.1 65.1 66.0 71.6 85.4 74.9 63.9 64.5 66.4 65.9 67.6 73.6 87.8 70.7 66.3
rhs_vjp     b3 p2t  n= 61 median=     59.9 min=     56.0 compile=  1.89s
    68.0 77.6 63.0 58.5 58.8 58.5 57.0 60.4 61.5 65.9 79.7 65.3 61.3 59.7 59.8 59.9 57.2 63.3 65.5 73.1 69.2 59.7 61.4 59.8 58.1 59.6 56.0 62.5 77.4 71.3 58.4 59.3 61.1 58.4 58.0 57.0 63.4 71.6 75.0 58.4 57.8 60.9 59.0 56.4 59.0 61.4 65.7 77.6 64.7 57.3 58.6 58.8 56.9 56.4 61.9 64.3 78.4 69.9 59.4 57.1 56.8
rhs_vjp     b4 base n= 61 median=     67.0 min=     61.4 compile=  1.60s
    62.1 66.4 65.5 66.8 67.1 74.1 81.8 80.7 65.6 67.0 65.5 66.0 69.5 70.6 80.6 68.5 65.4 64.6 65.0 66.2 66.9 77.3 80.2 74.3 65.4 70.8 66.1 65.5 68.1 73.4 79.5 69.8 66.2 61.4 66.5 66.1 67.7 71.8 86.7 66.7 65.3 65.9 65.5 67.6 71.8 75.5 88.7 66.3 67.0 63.0 67.5 65.9 68.4 72.6 84.3 68.3 66.6 66.8 64.3 65.4 71.2
rhs_vjp     b4 p2t  n= 61 median=     59.5 min=     54.3 compile=  1.82s
    66.2 80.4 61.7 55.6 57.9 57.1 59.8 58.7 59.9 60.0 78.1 67.3 63.7 60.7 58.1 58.2 61.6 59.3 65.3 80.8 66.3 54.3 58.0 57.4 56.6 59.5 58.1 62.5 68.4 80.2 58.4 55.7 60.7 58.9 59.1 54.8 60.8 68.7 79.8 60.9 57.6 55.9 55.9 56.8 57.0 58.8 65.9 76.6 71.0 61.1 56.0 62.2 58.5 58.8 56.2 63.7 70.7 73.8 56.7 58.3 57.6
rhs_vjp     b5 base n= 61 median=     69.5 min=     62.3 compile=  1.62s
    66.4 75.5 85.9 73.7 62.3 68.7 67.7 68.6 68.7 64.8 71.3 86.4 68.5 67.1 67.6 67.7 68.1 66.9 76.6 81.1 81.0 70.9 66.6 73.5 65.0 71.6 71.3 78.7 81.1 66.2 67.5 67.3 66.4 65.4 69.5 74.6 85.0 72.6 70.0 66.0 63.9 64.1 67.2 70.4 80.9 78.6 66.7 66.2 74.4 66.7 71.6 77.9 92.5 80.2 66.9 72.7 65.8 66.1 70.5 76.2 92.0
rhs_vjp     b5 p2t  n= 61 median=     60.8 min=     55.4 compile=  1.95s
    59.9 55.8 58.5 57.2 61.1 63.9 78.7 76.8 61.8 59.1 60.8 56.8 62.5 60.6 63.2 68.2 82.8 60.8 59.3 62.0 64.1 58.3 60.5 61.3 63.2 79.7 72.1 58.8 57.9 63.3 58.2 58.2 60.9 64.1 78.7 74.2 58.9 56.4 59.9 58.5 61.7 59.4 62.8 65.9 81.3 63.7 60.1 55.9 59.4 55.4 59.7 59.0 65.6 79.5 68.2 62.4 58.7 60.6 58.6 57.9 62.0
rhs_vjp     b6 base n= 61 median=     68.8 min=     61.6 compile=  1.66s
    70.1 68.8 69.0 74.3 87.5 67.2 67.2 67.8 66.9 66.1 68.5 84.5 79.1 66.0 65.2 70.3 65.5 68.8 68.5 85.9 79.2 61.6 69.0 69.9 69.2 68.0 73.6 92.3 71.6 69.9 65.8 67.6 66.8 71.3 83.5 74.5 66.6 67.5 65.6 66.2 63.6 71.8 81.8 81.2 67.0 69.0 69.4 64.0 69.3 78.7 90.1 68.5 66.8 68.6 63.9 66.7 69.5 75.4 88.0 62.3 65.2
rhs_vjp     b6 p2t  n= 61 median=     62.1 min=     57.0 compile=  1.93s
    59.3 65.5 61.2 58.6 62.0 65.7 81.0 66.1 58.8 63.3 64.2 60.7 61.0 63.2 67.4 75.8 71.4 59.2 59.4 57.4 61.1 57.0 58.2 63.7 72.0 79.9 63.1 59.4 60.1 62.6 63.7 61.1 64.6 69.3 83.2 61.5 62.2 60.4 60.3 60.0 59.9 60.8 69.7 82.5 69.0 62.1 61.3 60.0 62.6 62.9 61.9 65.1 85.0 72.4 59.1 60.1 62.8 61.6 57.2 57.1 64.7

== dscan64 ==
scan_rk3    b1 base n= 15 median=   2611.1 min=   2567.4 compile=  4.12s
    2609.3 2583.7 2624.8 2622.7 2611.1 2600.2 2618.7 2627.8 2592.9 2623.4 2618.1 2567.4 2611.2 2606.4 2589.3
scan_rk3    b1 p2t  n= 15 median=   2684.3 min=   2614.1 compile=  4.64s
    2698.8 2693.6 2614.1 2677.4 2696.0 2701.0 2684.3 2704.5 2682.8 2693.4 2674.3 2675.3 2661.0 2688.1 2681.8
scan_rk3    b2 base n= 15 median=   2604.8 min=   2550.9 compile=  4.10s
    2654.1 2620.1 2604.8 2592.4 2618.4 2617.3 2610.3 2569.1 2609.3 2550.9 2604.0 2585.3 2602.2 2614.0 2590.2
scan_rk3    b2 p2t  n= 15 median=   2690.0 min=   2645.4 compile=  4.64s
    2707.8 2711.3 2688.5 2695.2 2689.1 2655.9 2648.7 2693.9 2702.8 2677.2 2704.2 2706.2 2690.0 2652.4 2645.4
scan_rk3    b3 base n= 15 median=   2687.2 min=   2623.3 compile=  4.08s
    2662.0 2808.7 2748.3 2692.0 2766.8 2790.7 2701.1 2844.5 2623.3 2640.4 2671.2 2623.6 2675.7 2687.2 2642.6
scan_rk3    b3 p2t  n= 15 median=   2776.7 min=   2731.8 compile=  4.66s
    2828.5 2810.7 2742.1 2739.9 2741.0 2813.0 2776.7 2737.9 2738.9 2862.6 2792.7 2731.8 2792.6 2781.1 2753.0
scan_rk3    b4 base n= 15 median=   2678.5 min=   2624.0 compile=  4.27s
    2706.2 2722.8 2630.6 2660.7 2686.4 2624.0 2682.1 2624.7 2678.4 2680.3 2635.9 2678.5 2682.2 2659.8 2692.8
scan_rk3    b4 p2t  n= 15 median=   2747.2 min=   2672.6 compile=  4.71s
    2745.0 2705.4 2768.4 2747.2 2746.4 2684.7 2740.5 2782.8 2766.2 2672.6 2828.9 2742.6 2759.0 2773.1 2754.6
scan_rk3    b5 base n= 15 median=   2666.7 min=   2628.1 compile=  4.14s
    2697.5 2628.4 2679.0 2662.4 2667.5 2696.9 2628.1 2690.2 2666.7 2641.0 2678.2 2638.2 2651.3 2693.9 2646.6
scan_rk3    b5 p2t  n= 15 median=   2764.5 min=   2706.8 compile=  4.71s
    2764.0 2706.8 2767.0 2770.1 2749.1 2743.4 2768.4 2775.5 2768.1 2777.8 2764.5 2739.9 2768.4 2753.7 2762.0
scan_rk3    b6 base n= 15 median=   2678.5 min=   2636.4 compile=  4.16s
    2700.7 2679.0 2643.6 2653.2 2694.5 2647.3 2695.8 2687.6 2656.0 2746.3 2667.7 2636.4 2678.5 2678.6 2665.2
scan_rk3    b6 p2t  n= 15 median=   2752.7 min=   2702.4 compile=  4.76s
    2759.7 2772.5 2791.5 2771.4 2724.2 2738.3 2752.7 2742.8 2770.4 2764.0 2745.3 2772.8 2702.4 2741.4 2746.2

== dscan32 ==
scan_rk3    b1 base n= 21 median=    625.9 min=    610.8 compile=  1.98s
    628.5 623.6 629.1 629.9 612.5 623.1 625.9 615.7 626.0 627.3 619.6 639.6 633.2 629.5 623.5 612.9 620.5 626.3 610.8 619.7 628.9
scan_rk3    b1 p2t  n= 21 median=    649.5 min=    638.8 compile=  2.30s
    662.8 649.5 649.8 645.3 646.7 680.1 660.2 641.3 646.1 654.1 661.9 656.3 646.8 638.8 641.6 658.2 652.8 673.8 649.0 640.7 647.1
scan_rk3    b2 base n= 21 median=    642.6 min=    624.8 compile=  2.09s
    653.6 712.9 694.7 665.8 636.0 689.3 627.1 677.9 653.9 651.5 702.1 624.8 628.8 640.7 634.2 642.6 631.6 638.1 629.7 633.4 654.2
scan_rk3    b2 p2t  n= 21 median=    641.9 min=    627.3 compile=  2.20s
    645.2 642.0 627.3 643.3 641.9 651.6 635.9 638.7 634.3 640.2 632.2 659.4 644.0 646.3 641.5 629.3 633.9 633.6 644.2 643.5 653.5
scan_rk3    b3 base n= 21 median=    648.1 min=    631.1 compile=  2.07s
    670.5 653.9 646.8 693.5 690.0 641.5 647.8 647.0 637.0 645.6 636.0 656.6 660.0 648.4 642.6 648.1 631.1 664.7 647.3 664.2 699.6
scan_rk3    b3 p2t  n= 21 median=    754.5 min=    624.1 compile=  2.57s
    651.5 624.1 632.3 658.5 691.1 972.9 751.2 883.7 737.2 945.6 906.8 739.4 891.1 731.0 872.0 778.4 824.9 896.3 754.5 866.4 751.5
scan_rk3    b4 base n= 21 median=    635.3 min=    620.7 compile=  2.10s
    678.1 641.0 673.5 631.0 630.2 630.6 634.9 642.9 628.6 635.9 635.3 640.1 641.1 638.9 641.5 627.4 653.5 627.3 628.6 620.7 621.8
scan_rk3    b4 p2t  n= 21 median=    674.5 min=    644.8 compile=  2.25s
    705.3 713.1 647.1 674.8 696.5 676.4 691.2 676.7 652.9 672.7 667.9 664.8 666.9 655.2 644.8 645.9 670.4 692.7 727.8 685.0 674.5
scan_rk3    b5 base n= 21 median=    803.2 min=    626.8 compile=  2.03s
    626.8 658.0 803.2 774.6 806.1 760.4 888.5 719.0 898.6 864.7 802.1 850.4 732.6 888.2 725.5 928.5 899.7 789.8 859.7 706.5 856.9
scan_rk3    b5 p2t  n= 21 median=    638.9 min=    629.5 compile=  2.25s
    638.5 635.8 643.2 650.2 681.5 656.6 641.1 667.3 643.4 632.8 635.6 637.6 655.2 638.9 633.8 632.6 636.7 629.5 642.2 635.5 650.3
scan_rk3    b6 base n= 21 median=    620.2 min=    607.0 compile=  2.10s
    648.9 620.2 634.8 673.7 622.2 625.5 616.6 619.1 609.1 616.2 607.0 611.5 618.0 618.5 610.5 620.8 679.7 653.8 628.5 610.2 635.9
scan_rk3    b6 p2t  n= 21 median=    665.4 min=    653.9 compile=  2.28s
    657.7 669.2 667.8 672.7 653.9 671.6 658.3 675.5 654.0 657.9 659.6 668.1 673.8 678.9 660.1 679.1 665.4 660.5 660.1 655.0 686.4

