### Certified eigenpairs

| key | nu | Nl | Nm | n | gamma | omega | route | solver residual | gate | certified | re-certified residual | wall s | peak RSS MB | note |
|---|---|---|---|---|---|---|---|---|---|---|---|---|---|---|
| nu0-nl64 | 0 | — | — | — | — | — | — | — | — | — | — | — | — | no RESULT line |
| nu0-nl24 | 0 | 24 | 96 | 221184 | 0.0330056 | 0.500231 | adaptive | 4.662e-13 | 1.0e-09 | True | 4.662e-13 | 550 | 1569 |  |
| nu0-nl32 | 0 | 32 | 96 | 294912 | 0.0248534 | 0.504939 | adaptive | 2.222e-10 | 1.0e-09 | True | 2.222e-10 | 766 | 1559 |  |
| nu0-nl48 | 0 | 48 | 96 | 442368 | 0.0183456 | 0.497760 | adaptive | 7.366e-12 | 1.0e-09 | True | 7.366e-12 | 1911 | 1677 |  |
| nu1e-3-nl24 | 1e-03 | 24 | 96 | 221184 | 0.0291247 | 0.497333 | adaptive | 2.634e-14 | 1.0e-09 | True | 2.634e-14 | 607 | 1563 |  |
| nu1e-3-nl32 | 1e-03 | 32 | 96 | 294912 | 0.0174127 | 0.501092 | adaptive | 2.785e-14 | 1.0e-09 | True | 2.785e-14 | 840 | 1556 |  |
| nu1e-3-nl48 | 1e-03 | 48 | 96 | 442368 | 0.0200518 | 0.494400 | adaptive | 2.990e-14 | 1.0e-09 | True | 2.990e-14 | 1368 | 1613 |  |
| nu3e-3-nl24 | 3e-03 | 24 | 96 | 221184 | 0.0234140 | 0.496538 | adaptive | 1.688e-14 | 1.0e-09 | True | 1.688e-14 | 606 | 1576 |  |
| nu3e-3-nl32 | 3e-03 | 32 | 96 | 294912 | 0.0174873 | 0.495787 | adaptive | 1.773e-14 | 1.0e-09 | True | 1.773e-14 | 844 | 1557 |  |
| nu3e-3-nl48 | 3e-03 | 48 | 96 | 442368 | 0.0186981 | 0.494389 | adaptive | 1.854e-14 | 1.0e-09 | True | 1.854e-14 | 1373 | 1610 |  |
| nu1e-2-nl24 | 1e-02 | 24 | 96 | 221184 | 0.0174378 | 0.495769 | adaptive | 9.310e-15 | 1.0e-09 | True | 9.310e-15 | 604 | 1573 |  |
| nu1e-2-nl32 | 1e-02 | 32 | 96 | 294912 | 0.0171657 | 0.495705 | adaptive | 9.413e-15 | 1.0e-09 | True | 9.413e-15 | 838 | 1552 |  |
| nu1e-2-nl48 | 1e-02 | 48 | 96 | 442368 | 0.0171695 | 0.495685 | adaptive | 1.006e-14 | 1.0e-09 | True | 1.006e-14 | 1375 | 1606 |  |

### Laguerre free-energy spectrum tails

| key | nu | Nl | peak index | peak | upper-quarter fraction | cutoff fraction | cutoff/peak | decades peak->cutoff | log10 slope/index |
|---|---|---|---|---|---|---|---|---|---|
| nu0-nl24 | 0 | 24 | 0 | 3.4023e-01 | 0.0796 | 2.109e-03 | 6.199e-03 | 2.21 | -0.0374 |
| nu0-nl32 | 0 | 32 | 0 | 3.0512e-01 | 0.0817 | 1.327e-03 | 4.349e-03 | 2.36 | -0.0299 |
| nu0-nl48 | 0 | 48 | 0 | 2.8426e-01 | 0.0654 | 4.811e-04 | 1.693e-03 | 2.77 | -0.0174 |
| nu1e-3-nl24 | 1e-03 | 24 | 0 | 3.9122e-01 | 0.0548 | 1.408e-03 | 3.600e-03 | 2.44 | -0.0439 |
| nu1e-3-nl32 | 1e-03 | 32 | 0 | 3.7536e-01 | 0.0458 | 6.939e-04 | 1.849e-03 | 2.73 | -0.0395 |
| nu1e-3-nl48 | 1e-03 | 48 | 0 | 3.8260e-01 | 0.0178 | 1.231e-04 | 3.217e-04 | 3.49 | -0.0335 |
| nu3e-3-nl24 | 3e-03 | 24 | 0 | 4.5428e-01 | 0.0252 | 6.095e-04 | 1.342e-03 | 2.87 | -0.0661 |
| nu3e-3-nl32 | 3e-03 | 32 | 0 | 4.5266e-01 | 0.0117 | 1.610e-04 | 3.557e-04 | 3.45 | -0.0664 |
| nu3e-3-nl48 | 3e-03 | 48 | 0 | 4.5388e-01 | 0.0018 | 1.073e-05 | 2.364e-05 | 4.63 | -0.0650 |
| nu1e-2-nl24 | 1e-02 | 24 | 0 | 5.5573e-01 | 0.0018 | 3.750e-05 | 6.749e-05 | 4.17 | -0.1422 |
| nu1e-2-nl32 | 1e-02 | 32 | 0 | 5.5597e-01 | 0.0003 | 2.815e-06 | 5.063e-06 | 5.30 | -0.1388 |
| nu1e-2-nl48 | 1e-02 | 48 | 0 | 5.5597e-01 | 0.0000 | 2.932e-08 | 5.274e-08 | 7.28 | -0.1235 |

### Hermite free-energy spectrum tails

| key | nu | Nl | peak index | peak | upper-quarter fraction | cutoff fraction | cutoff/peak | decades peak->cutoff | log10 slope/index |
|---|---|---|---|---|---|---|---|---|---|
| nu0-nl24 | 0 | 24 | 0 | 3.7235e-01 | 0.0222 | 3.438e-05 | 9.233e-05 | 4.03 | -0.0290 |
| nu0-nl32 | 0 | 32 | 0 | 3.3949e-01 | 0.0217 | 3.510e-05 | 1.034e-04 | 3.99 | -0.0290 |
| nu0-nl48 | 0 | 48 | 0 | 3.0915e-01 | 0.0251 | 3.610e-05 | 1.168e-04 | 3.93 | -0.0313 |
| nu1e-3-nl24 | 1e-03 | 24 | 0 | 4.3517e-01 | 0.0094 | 1.449e-05 | 3.330e-05 | 4.48 | -0.0328 |
| nu1e-3-nl32 | 1e-03 | 32 | 0 | 4.0623e-01 | 0.0098 | 1.538e-05 | 3.787e-05 | 4.42 | -0.0337 |
| nu1e-3-nl48 | 1e-03 | 48 | 0 | 4.1906e-01 | 0.0093 | 1.399e-05 | 3.337e-05 | 4.48 | -0.0343 |
| nu3e-3-nl24 | 3e-03 | 24 | 0 | 4.9607e-01 | 0.0021 | 3.191e-06 | 6.433e-06 | 5.19 | -0.0405 |
| nu3e-3-nl32 | 3e-03 | 32 | 0 | 4.8462e-01 | 0.0022 | 3.305e-06 | 6.819e-06 | 5.17 | -0.0410 |
| nu3e-3-nl48 | 3e-03 | 48 | 0 | 4.8820e-01 | 0.0021 | 3.186e-06 | 6.526e-06 | 5.19 | -0.0411 |
| nu1e-2-nl24 | 1e-02 | 24 | 0 | 5.8165e-01 | 0.0001 | 1.086e-07 | 1.867e-07 | 6.73 | -0.0514 |
| nu1e-2-nl32 | 1e-02 | 32 | 0 | 5.8111e-01 | 0.0001 | 1.080e-07 | 1.858e-07 | 6.73 | -0.0515 |
| nu1e-2-nl48 | 1e-02 | 48 | 0 | 5.8113e-01 | 0.0001 | 1.077e-07 | 1.853e-07 | 6.73 | -0.0515 |

### Laguerre cutoff structure

A monotone spectrum has no interior local maximum. A cutoff pile-up shows one or more, and the last one sits near the cutoff; ``hump ratio`` is that maximum divided by the local minimum before it.

| key | nu | Nl | interior maxima | last max index | last max / Nl | hump ratio | mean fraction per index, upper quarter |
|---|---|---|---|---|---|---|---|
| nu0-nl24 | 0 | 24 | 2 | 19 | 0.79 | 2.5 | 0.0133 |
| nu0-nl32 | 0 | 32 | 3 | 27 | 0.84 | 3.2 | 0.0102 |
| nu0-nl48 | 0 | 48 | 4 | 41 | 0.85 | 3.0 | 0.0054 |
| nu1e-3-nl24 | 1e-03 | 24 | 2 | 19 | 0.79 | 2.3 | 0.0091 |
| nu1e-3-nl32 | 1e-03 | 32 | 3 | 26 | 0.81 | 2.3 | 0.0057 |
| nu1e-3-nl48 | 1e-03 | 48 | 2 | 41 | 0.85 | 2.1 | 0.0015 |
| nu3e-3-nl24 | 3e-03 | 24 | 1 | 19 | 0.79 | 1.6 | 0.0042 |
| nu3e-3-nl32 | 3e-03 | 32 | 1 | 26 | 0.81 | 1.3 | 0.0015 |
| nu3e-3-nl48 | 3e-03 | 48 | 1 | 41 | 0.85 | 1.1 | 0.0002 |
| nu1e-2-nl24 | 1e-02 | 24 | 0 | — | — | — | 0.0003 |
| nu1e-2-nl32 | 1e-02 | 32 | 0 | — | — | — | 0.0000 |
| nu1e-2-nl48 | 1e-02 | 48 | 0 | — | — | — | 0.0000 |

### Laguerre spectrum per index (normalized free energy)

nu0-nl24 (nu=0, Nl=24):
  3.402e-01 1.383e-01 8.274e-02 4.854e-02 4.794e-02 4.601e-02 3.439e-02 2.155e-02 1.569e-02 1.768e-02 2.250e-02 2.477e-02 2.233e-02 1.660e-02 1.082e-02 7.992e-03 9.140e-03 1.319e-02 1.766e-02 1.997e-02 1.860e-02 1.381e-02 7.446e-03 2.109e-03
nu0-nl32 (nu=0, Nl=32):
  3.051e-01 1.266e-01 6.986e-02 5.300e-02 5.130e-02 3.861e-02 2.449e-02 2.002e-02 2.321e-02 2.681e-02 2.577e-02 2.033e-02 1.385e-02 9.948e-03 1.001e-02 1.280e-02 1.593e-02 1.722e-02 1.581e-02 1.235e-02 8.374e-03 5.518e-03 4.834e-03 6.480e-03 9.692e-03 1.311e-02 1.531e-02 1.536e-02 1.308e-02 9.124e-03 4.737e-03 1.327e-03
nu0-nl48 (nu=0, Nl=48):
  2.843e-01 1.101e-01 7.250e-02 4.644e-02 4.199e-02 3.837e-02 2.985e-02 2.147e-02 1.797e-02 1.919e-02 2.159e-02 2.145e-02 1.799e-02 1.337e-02 1.003e-02 9.016e-03 9.992e-03 1.179e-02 1.321e-02 1.345e-02 1.234e-02 1.026e-02 7.953e-03 6.160e-03 5.299e-03 5.462e-03 6.382e-03 7.569e-03 8.504e-03 8.813e-03 8.355e-03 7.232e-03 5.744e-03 4.295e-03 3.268e-03 2.929e-03 3.360e-03 4.457e-03 5.927e-03 7.389e-03 8.466e-03 8.863e-03 8.441e-03 7.245e-03 5.496e-03 3.533e-03 1.742e-03 4.811e-04
nu1e-3-nl24 (nu=1e-03, Nl=24):
  3.912e-01 1.369e-01 8.701e-02 5.277e-02 4.697e-02 4.313e-02 3.279e-02 2.174e-02 1.619e-02 1.663e-02 1.920e-02 1.997e-02 1.744e-02 1.273e-02 8.246e-03 6.024e-03 6.709e-03 9.435e-03 1.241e-02 1.385e-02 1.276e-02 9.395e-03 5.025e-03 1.408e-03
nu1e-3-nl32 (nu=1e-03, Nl=32):
  3.754e-01 1.205e-01 7.948e-02 6.110e-02 4.906e-02 3.542e-02 2.573e-02 2.273e-02 2.330e-02 2.319e-02 2.052e-02 1.622e-02 1.222e-02 9.994e-03 9.789e-03 1.071e-02 1.158e-02 1.145e-02 1.009e-02 7.902e-03 5.635e-03 4.067e-03 3.667e-03 4.452e-03 5.998e-03 7.610e-03 8.580e-03 8.432e-03 7.091e-03 4.901e-03 2.520e-03 6.939e-04
nu1e-3-nl48 (nu=1e-03, Nl=48):
  3.826e-01 1.225e-01 8.511e-02 5.763e-02 4.465e-02 3.605e-02 2.910e-02 2.383e-02 2.048e-02 1.876e-02 1.757e-02 1.589e-02 1.357e-02 1.129e-02 9.613e-03 8.675e-03 8.290e-03 8.111e-03 7.828e-03 7.279e-03 6.473e-03 5.536e-03 4.643e-03 3.950e-03 3.528e-03 3.366e-03 3.384e-03 3.465e-03 3.490e-03 3.377e-03 3.094e-03 2.668e-03 2.168e-03 1.688e-03 1.319e-03 1.126e-03 1.136e-03 1.328e-03 1.639e-03 1.976e-03 2.240e-03 2.345e-03 2.243e-03 1.934e-03 1.472e-03 9.446e-04 4.614e-04 1.231e-04
nu3e-3-nl24 (nu=3e-03, Nl=24):
  4.543e-01 1.364e-01 9.218e-02 5.870e-02 4.584e-02 3.813e-02 2.939e-02 2.136e-02 1.656e-02 1.492e-02 1.454e-02 1.359e-02 1.139e-02 8.432e-03 5.760e-03 4.240e-03 4.124e-03 4.989e-03 6.016e-03 6.414e-03 5.759e-03 4.168e-03 2.201e-03 6.095e-04
nu3e-3-nl32 (nu=3e-03, Nl=32):
  4.527e-01 1.288e-01 9.138e-02 6.355e-02 4.642e-02 3.475e-02 2.711e-02 2.256e-02 1.971e-02 1.722e-02 1.453e-02 1.184e-02 9.563e-03 7.955e-03 6.976e-03 6.369e-03 5.848e-03 5.212e-03 4.404e-03 3.501e-03 2.649e-03 2.007e-03 1.669e-03 1.638e-03 1.818e-03 2.050e-03 2.170e-03 2.063e-03 1.702e-03 1.163e-03 5.923e-04 1.610e-04
nu3e-3-nl48 (nu=3e-03, Nl=48):
  4.539e-01 1.304e-01 9.321e-02 6.255e-02 4.511e-02 3.481e-02 2.803e-02 2.304e-02 1.916e-02 1.613e-02 1.371e-02 1.168e-02 9.902e-03 8.378e-03 7.103e-03 6.056e-03 5.199e-03 4.485e-03 3.872e-03 3.331e-03 2.849e-03 2.423e-03 2.055e-03 1.745e-03 1.491e-03 1.284e-03 1.115e-03 9.745e-04 8.529e-04 7.441e-04 6.434e-04 5.485e-04 4.593e-04 3.777e-04 3.074e-04 2.522e-04 2.148e-04 1.957e-04 1.919e-04 1.976e-04 2.049e-04 2.058e-04 1.940e-04 1.672e-04 1.278e-04 8.248e-05 4.041e-05 1.073e-05
nu1e-2-nl24 (nu=1e-02, Nl=24):
  5.557e-01 1.395e-01 9.903e-02 6.152e-02 4.054e-02 2.840e-02 2.043e-02 1.475e-02 1.069e-02 7.827e-03 5.807e-03 4.327e-03 3.189e-03 2.293e-03 1.601e-03 1.104e-03 7.900e-04 6.202e-04 5.355e-04 4.724e-04 3.864e-04 2.673e-04 1.378e-04 3.750e-05
nu1e-2-nl32 (nu=1e-02, Nl=32):
  5.560e-01 1.391e-01 9.894e-02 6.176e-02 4.063e-02 2.827e-02 2.031e-02 1.478e-02 1.082e-02 7.932e-03 5.816e-03 4.257e-03 3.107e-03 2.263e-03 1.646e-03 1.197e-03 8.703e-04 6.329e-04 4.604e-04 3.343e-04 2.412e-04 1.724e-04 1.224e-04 8.807e-05 6.635e-05 5.367e-05 4.584e-05 3.896e-05 3.061e-05 2.053e-05 1.039e-05 2.815e-06
nu1e-2-nl48 (nu=1e-02, Nl=48):
  5.560e-01 1.391e-01 9.897e-02 6.177e-02 4.062e-02 2.826e-02 2.031e-02 1.479e-02 1.082e-02 7.929e-03 5.809e-03 4.251e-03 3.106e-03 2.265e-03 1.649e-03 1.199e-03 8.703e-04 6.314e-04 4.579e-04 3.320e-04 2.408e-04 1.748e-04 1.271e-04 9.257e-05 6.762e-05 4.953e-05 3.636e-05 2.673e-05 1.966e-05 1.447e-05 1.068e-05 7.931e-06 5.941e-06 4.487e-06 3.402e-06 2.573e-06 1.934e-06 1.449e-06 1.098e-06 8.600e-07 7.087e-07 6.106e-07 5.313e-07 4.445e-07 3.388e-07 2.205e-07 1.093e-07 2.932e-08
