# salpha/itg_salpha_adiabatic_electrons.out.nc t_end=150.004
0.0500,0.010472,0.036028
0.1000,0.030384,0.080220
0.1500,0.054946,0.126858
0.2000,0.075035,0.177842
0.2500,0.088424,0.230430
0.3000,0.093049,0.281983
0.3500,0.089881,0.330789
0.4000,0.080885,0.374934
0.4500,0.068466,0.415385
0.5000,0.054103,0.455862
0.5500,0.035189,0.498056
# miller/itg_miller_adiabatic_electrons.out.nc t_end=150.000
0.0500,0.012298,0.029121
0.1000,0.032772,0.058904
0.1500,0.058369,0.091850
0.2000,0.084876,0.129545
0.2500,0.107955,0.171185
0.3000,0.125874,0.215461
0.3500,0.137688,0.261003
0.4000,0.143138,0.306705
0.4500,0.142551,0.351381
0.5000,0.136382,0.393997
0.5500,0.125906,0.433638
0.6000,0.112655,0.469788
0.6500,0.098522,0.502970
0.7000,0.084484,0.534359
0.7500,0.070740,0.565404
# miller_ke/itg_miller_kinetic_electrons.out.nc t_end=40.000
0.1000,0.101757,0.090265
0.2000,0.155925,0.134137
0.3000,0.232093,0.236506
0.4000,0.262712,0.352705
0.5000,0.254099,0.467708
0.6000,0.213143,0.575131
0.7000,0.081850,0.708679
# kbm/kbm_miller.out.nc t_end=40.000
0.1000,0.213232,0.600856
0.2000,0.338121,0.833513
0.3000,0.313915,1.075817
0.4000,0.243123,1.338390
0.5000,0.174176,1.596402
