# <gx>/benchmarks/linear/ITG_cyclone/itg_salpha_adiabatic_electrons_correct.out.nc t_end=150.002
0.0500,0.010424,0.036412
0.1000,0.030508,0.080139
0.1500,0.054935,0.126854
0.2000,0.075014,0.177876
0.2500,0.088430,0.230411
0.3000,0.093018,0.281990
0.3500,0.089833,0.330798
0.4000,0.080897,0.374950
0.4500,0.068506,0.415351
0.5000,0.054089,0.455883
0.5500,0.035189,0.498018
# <gx>/benchmarks/linear/ITG_cyclone/itg_miller_adiabatic_electrons_correct.out.nc t_end=150.000
0.0500,0.012291,0.028820
0.1000,0.032862,0.058881
0.1500,0.058391,0.091833
0.2000,0.084842,0.129537
0.2500,0.107982,0.171186
0.3000,0.125875,0.215471
0.3500,0.137647,0.261005
0.4000,0.143121,0.306696
0.4500,0.142509,0.351382
0.5000,0.136424,0.393981
0.5500,0.125942,0.433641
0.6000,0.112662,0.469783
0.6500,0.098488,0.502952
0.7000,0.084463,0.534387
0.7500,0.070715,0.565423
# <gx>/benchmarks/linear/ITG_cyclone/itg_miller_kinetic_electrons_correct.out.nc t_end=40.001
0.1000,0.070914,0.090896
0.2000,0.155811,0.134879
0.3000,0.234429,0.236373
0.4000,0.264525,0.352434
0.5000,0.254087,0.467688
0.6000,0.213558,0.574328
0.7000,0.085875,0.709921
# <gx>/benchmarks/linear/KBM/kbm_miller_correct.out.nc t_end=40.000
0.1000,0.203046,0.602980
0.2000,0.339001,0.833044
0.3000,0.314112,1.075928
0.4000,0.243799,1.337706
0.5000,0.174316,1.595738
